0.9818184999999999
0.895429
0.8308211999999999
0.9659158000000003
0.8854622000000001
0.9163589999999999
0.9452973999999994
1.0542586000000007
1.4257706999999993
0.9306656999999987
1.0999128999999996
1.026204
1.0453021000000007
0.9382795000000002
0.8551707999999998
0.9680250000000008
1.1806956
1.1345887999999995
1.464736099999996
1.2948971
1.0864626999999984
1.2373520999999954
0.9669440999999992
1.0909022999999962
0.9784816000000021
1.1010134000000065
0.9517047000000005
1.1258478000000025
0.9211753999999956
0.9820527000000041
0.7446207000000058
1.1273081000000005
0.8932912000000002
1.0247820000000019
0.925955799999997
1.33255410000001
0.9194973000000033
0.9455631999999952
0.8621238000000062
1.2204150999999968
1.1131128999999902
0.843767100000008
1.4582995999999895
1.2464187000000067
1.2371562000000011
0.9277322000000083
0.9969515000000087
0.995463700000002
1.1706006999999943
0.9818100000000101
0.6694040999999942
1.0402581000000026
1.0549606999999952
1.0692585999999977
1.567566400000004
0.9924608999999975
1.491454300000001
1.6638195000000024
1.0054937000000024
1.7898277000000036
1.1010069000000016
1.0559062000000097
1.3467953000000108
1.390037399999997
1.5561979000000008
1.0055758999999966
1.0916402999999946
1.3173414999999977
1.1479416000000242
1.2562528999999927
1.1140360999999928
1.3768064999999865
1.4973655000000008
0.9941705999999897
1.0473447999999905
1.5051217999999835
0.957681999999977
0.8044419000000005
1.1279070999999874
1.4993268000000057
1.0258081999999717
0.6774029000000041
0.9608824999999968
1.543774099999979
1.113108600000004
0.7929847000000052
1.4762585000000001
0.9266513999999972
1.2423806000000184
0.9512944999999888
0.8343263999999806
1.0795166000000052
1.1755201
1.1056735999999887
0.9183120000000145
1.174426699999998
0.9645610999999974
0.9880790999999931
1.3966074999999876
1.6768436000000122
1.5630246000000056
1.2741652999999928
0.9500368999999864
0.9792664000000002
1.1639720000000011
1.0424413000000072
0.963456199999996
1.1969927000000098
1.0841094999999825
0.8052674000000195
1.0577950999999928
1.2267155000000116
1.367534699999993
1.349404600000014
1.4334802000000195
1.2588305999999818
1.0657386999999972
1.0904001000000108
1.1138765999999976
0.8876849000000107
1.0572358000000008
0.8601520999999934
1.0603150000000028
1.4272411000000034
0.9854150999999831
1.0016044000000193
0.8660999999999888
0.9259389000000056
0.9096391999999867
0.9197403000000008
0.9434414000000118
0.9190514000000007
1.1961345999999935
1.0938029000000142
0.9060857000000055
1.3790783000000317
1.0244433999999956
0.9333209000000124
1.2791315000000054
0.9873594000000026
0.9954418999999461
1.0069416999999703
0.8002688999999918
0.8263819000000012
1.1517034999999964
1.1271040999999968
1.157054799999969
0.9287041000000045
0.9413847999999803
0.9128172000000063
1.6269786999999951
0.9691942999999696
1.0429024000000027
0.9862141000000406
1.0636250000000018
0.9676603999999998
1.06942939999999
1.009567699999991
0.958421699999974
1.2573815000000081
0.9495496999999773
1.0217035999999666
1.0394474999999943
0.8404677000000333
1.306235900000047
0.9573947999999746
1.2994322000000125
1.0122625999999855
1.0702389999999582
1.1230947999999898
0.9644456999999989
1.098905899999977
1.002104299999985
0.9721995000000447
1.2529435999999805
1.6759742999999503
1.2870581000000243
1.2013524000000189
1.1107155000000262
1.2450633999999923
1.0549302000000012
0.8747977999999534
0.9124014000000216
1.097862599999985
1.245160300000009
1.1486601000000292
1.3839820000000032
0.8314058999999929
0.8229514999999878
1.1814179000000422
1.0762627000000293
1.153191500000048
0.9318544999999858
1.2909189000000083
0.971969300000012
1.1812422999999512
0.9699903000000063
1.0372164999999995
1.0074553999999694
1.2513210999999842
1.0285298000000012
1.1238475999999764
1.8229114999999751
1.1662311999999702
1.3762647000000356
0.9540299000000232
1.0786959999999794
1.360132799999974
1.04450810000003
1.1546409999999696
1.0941794999999956
1.1267574000000309
1.1067837999999597
0.9400703000000021
1.050566300000014
0.9614030000000184
0.9798893000000248
0.9415650999999912
1.1859521000000086
0.9511135999999851
0.9797891999999706
1.0249830999999858
1.2236580000000004
1.017141200000026
1.2295121999999878
1.0682146999999986
1.5046375000000012
0.9798063999999727
0.9645421000000169
0.8715730000000121
0.8782774000000018
1.0045516000000134
1.4006523999999558
1.1172646999999643
0.9425235999999586
1.0367948999999612
1.3720146
1.1100232999999662
0.9467769000000317
1.0201824000000101
1.0215069000000199
1.0167579999999816
1.1631623000000104
1.1212686000000076
1.4828653999999801
1.2349816999999916
0.9697373000000198
0.9673707999999692
0.7893983999999818
1.2569147000000385
1.3242689999999584
1.1078580000000215
1.2110460000000103
1.0651091000000292
0.9846119000000044
1.3640119999999456
1.3066517999999974
1.126636899999994
0.9085660999999732
0.9317384999999945
1.3865337999999952
1.0039399000000344
1.0157350000000065
1.288469799999973
1.1180572000000097
1.1403233999999998
1.0220874999999978
0.9009075999999823
1.2472486000000345
0.9931601999999202
1.203400800000054
1.0473854000000529
1.090864799999963
2.147933699999953
1.055847799999924
0.9722103999999945
0.8902394000000413
1.0184129999998959
0.9196803999999474
1.1790272000000641
0.8457717000000002
1.5849342000000206
1.0933813000000328
1.075054399999999
1.2959268000000748
0.9350015999999641
1.0855109999999968
0.8246652999999924
1.0837966999999935
0.7508775999999671
1.1273194999999987
1.3079603999999563
1.0484738000000107
1.3310476999999992
1.1766143999999485
1.011516800000095
0.9152947999999697
0.9795849999999291
1.388117100000045
1.2080907999999226
1.2168007999999872
0.9881768000000193
1.059002400000054
1.842686800000024
1.0863613000000214
1.1211144000000104
1.0454646000000594
1.036177000000066
1.395494699999972
0.9779932000000144
1.2481659000000036
1.0356853999999203
0.9694530000000441
0.998883200000023
0.8640295000000151
1.6683508999999503
1.1066455000000133
1.2321943000000601
1.0628114999999525
1.1694082999999864
1.4516877999999451
1.2371003000000655
1.5629010000000108
1.1920623999999407
1.2877650000000358
1.2102821000000858
1.063128900000038
1.0017579000000296
1.3574868999999126
1.3661706999999979
1.1813654000000042
1.7345434000000068
0.8251880000000256
1.210557300000005
1.251783600000067
1.4067129000000023
1.0510669000000235
0.9042386000000988
2.7017501000000266
1.3540120000000115
1.1531976999999642
1.222530200000051
1.247695599999929
1.5319410000000744
1.0784812000000557
1.2055867999999919
1.304059700000039
1.4471335999999155
1.052289299999984
0.9412873999999647
1.2167134000000033
1.0022475999999187
0.8949427999999671
1.5335892000000513
1.0107801999999992
1.0337535999999545
1.109121699999946
1.1627650000000358
1.291516099999967
1.0162540999999692
1.2592938000000231
1.3851909999999634
1.4122554000000491
3.2568195999999716
1.1446198999999524
1.6019508000000542
1.201523199999997
1.1948115000000143
1.4595146999999997
1.5461938000000828
1.7455394999999498
0.9119025999999621
1.0357036000000335
1.1594188000000258
1.3587674000000334
1.136093399999936
1.2402151000000003
1.1452591999999413
1.2923878999999943
1.820231700000022
1.1302881000000298
1.2201540999999452
1.0255847000000813
1.382897899999989
1.4121658000000252
1.27291230000003
1.465848899999969
1.13365060000001
1.1314726999999039
1.143068699999958
1.905063499999983
1.5918828000000076
3.6908756999999923
1.3158078999999816
1.1789499000000205
2.671427900000026
1.5309734999999591
1.611766800000055
2.139487299999928
1.7983947999999828
1.363061200000061
1.2553623000000016
1.2810449999999491
1.5761970000000929
1.4134245999999848
1.3444668999999294
1.1671669000000975
1.4306589000000258
1.5810222000000067
1.016999100000021
1.3589256999999861
1.4356278999999859
1.2864722000000484
1.0841563000000178
1.7030975999999782
1.0453877999999577
1.2398094000000128
1.340253999999959
1.6394444000000021
1.775423499999988
2.754717000000028
1.0380808000001025
1.214917299999911
1.1444016000000374
1.4972203000000945
1.0899001000000226
1.2296148000000358
1.3724148000000014
1.3348296000000346
1.1153206000000182
1.2220896999999695
0.9828888000000688
1.2720177999999578
1.126675700000078
3.1682521999999835
2.1170280999999704
1.0737801000000218
1.04185300000006
1.1667800999999827
1.2920839999999316
1.4491369999999506
1.2906980000000203
1.2668148000000201
0.8896617000000333
1.067858900000033
1.2206046000000015
1.2256143999999267
1.1169229999999288
1.1452549000000545
0.9501003999999966
1.9829270999999835
1.2115565000000288
1.2614752000000635
1.2576096000000234
1.5536800999999514
0.9761771999999382
1.2851692000000412
1.501245899999958
1.3123654999999417
1.2480269000000135
1.1934311999999636
1.060269700000049
1.0953534000000218
1.3263203000000203
0.9839853999999377
1.52905080000005
0.8974783000001025
1.1553199999999606
1.4449536000000762
1.0587776999999505
1.6630447000000004
1.2133959000000232
1.4311716999999362
1.1186753999999155
1.6327155000000175
1.6234271999999237
1.3303210000000263
1.3919139000000769
1.3228993000000173
1.592690599999969
1.16927069999997
1.1907154000000446
1.2323215000000118
1.314259800000059
1.6958848000000444
2.2851110999999946
2.216763799999967
1.7367087000000083
1.412718899999959
1.7568866999999955
1.3033740999999281
1.3130368999998154
1.359506300000021
1.317638800000168
1.3155957999999828
1.5217165000001387
1.2531708999999864
1.7059437000000344
1.1400776000000405
0.9892403999999715
1.8279617000000599
1.580792499999916
1.5152161999999407
1.2332672000000002
1.1580139000000145
1.698935899999924
1.613268699999935
1.5318068000001404
1.1524904999998853
1.3236990000000333
1.2314748999999665
1.974995399999898
1.5953446999999414
1.865772300000117
1.4113870999999563
0.8510948999999073
1.7385858999998618
1.5441230999999789
1.2161727999998675
1.248174699999936
1.4312428999999156
1.377851999999848
1.298817500000041
1.2429929000002176
1.31161689999999
1.6305935000000318
1.0773774000001595
1.3729895999999826
1.2145822999998472
1.0572869999998602
0.9253223000000617
1.8170005000001765
1.1229862999998659
1.230931000000055
1.2126518000000033
0.9956530000001749
1.2471553000000313
0.9752392000000327
1.4133389999999508
1.3022135999999591
1.476265900000044
1.0742038999999295
1.0613632000001871
2.423036400000001
1.012788700000101
1.289449999999988
1.2594274999999016
1.2186419000001933
1.0523192999999083
1.2815634000000955
1.0301540000000386
1.333381000000145
1.3288959000001341
1.1469089000001986
1.2602191999999377
1.2722853999998733
1.4595950000000357
1.0918765999999778
1.5519708000001629
1.4671194999998534
1.544263600000022
1.2382705999998507
1.4945517000001018
1.5322338000000855
1.3795792999999321
1.715626899999961
1.1015606999999363
1.131906699999945
1.1847497999999632
1.2309998999999152
1.0269188000002032
1.1547215999999025
0.9884426000000985
1.2473528000000442
1.1448937000000114
1.3686832000000777
1.3818117000000711
1.376586300000099
1.246317500000032
1.3390346999999565
1.0432866999999533
1.371665000000121
0.9630881999999019
1.2660602000000836
1.1494622000000163
2.0439702000001034
1.4135708999999679
1.0464059000000816
1.909143700000186
0.9160477999998875
1.6515143999999964
1.4686741000000438
1.5714962999998079
2.2898964999999407
1.2104259000000184
1.24505750000003
1.169750299999805
1.2672706999999264
1.418907499999932
1.6025967000000492
1.1133365999999114
1.1302100999998856
1.0750633000000107
1.095228799999859
1.3873369000000366
0.9033466999999291
1.037556400000085
1.3178795999999693
1.1213878000000932
1.547157499999912
1.8346286000000873
1.007866500000091
1.5561531000000741
0.9730553000001692
1.1697199000000182
1.6905841000000237
1.5735580000000482
1.1147710000000188
1.5023943999999574
1.558319400000073
2.044050099999822
1.3804549999999836
1.0569494000001214
1.4146160000000236
1.2259599000001344
1.3379981999999018
1.345968399999947
1.0585274999998546
1.6562395000000834
1.3429591000001437
1.0686384999999063
0.8934470000001511
1.4598461999999017
1.1427022000000306
1.1190467999999782
0.9391579999999067
0.9020771999998942
1.1538222000001497
0.8311092999999801
1.633342999999968
0.8571911000001364
1.1202740999999605
1.3403670000000147
1.0452653999998347
1.2045971000000009
1.2559355000000778
1.479017800000065
1.0909388000000035
1.40338759999986
1.9104004999999233
1.2680078000000776
1.0248395999999502
1.4071582999999919
1.1277717000000393
1.2456231999999545
1.8827855000001819
1.1798675000000003
1.5304111000000375
0.8475604000000203
1.0402992000001632
0.7846070999999029
1.005318799999941
1.1332173000000694
1.2657934999999725
1.049835599999824
0.9539752999999109
0.9602121000000352
0.8998351000000184
1.1127446000000418
1.391804699999966
1.4435470000000805
0.9693251999999575
1.1590175999999701
1.147812699999804
0.987260200000037
0.9172020000000884
1.3953784000000269
1.0292038000000048
1.1840168999999605
1.1854819999998654
0.9084297000001698
1.1238651999999547
1.0823781999999937
0.9410539000000426
1.3588275999998132
1.2359611000001678
1.1548628999998982
1.8620456999999533
1.010975099999996
1.2853191000001516
1.1474389999998493
1.0050520999998298
1.0424167999999554
1.0256019000000833
1.23411370000008
0.8900572000000011
1.154437899999948
1.0847076000000015
2.3959701000001132
0.9513435999999729
1.5440739000000576
1.020800399999871
1.5374752000000171
1.0887900999998692
0.9557615000001078
1.016176600000108
0.9112021000000823
1.012919699999884
0.9379237999999077
1.1354237000000467
1.0142850999998245
0.9595298999997794
1.3727728999999727
1.630938299999798
1.0866645000000972
1.7283316999998988
1.3509105999999065
2.068607999999813
0.9519374999999854
1.2527987999999368
1.122095100000024
1.048135499999944
0.9701728000000003
1.3035408999999163
1.3232577999999648
1.2411389999999756
1.0666516000001138
1.2270524999998997
0.9067150999999285
1.0392695999998978
0.8865887000001749
0.8435011999999915
0.7882458000001407
1.0946604000000661
1.0460912999999437
1.144447899999932
1.2006816999999046
0.9787648999999874
0.9990146000000095
0.9243457000000035
0.9887186000000838
1.2949834999999439
1.023945700000013
0.9908611000000747
1.1321978999999374
0.9732615000000351
0.9227571000001262
1.0239864000000125
0.9466110000000754
1.2735298000000057
1.0563488999998754
1.2045109000000593
1.7525377000001754
1.0078005999998823
0.7179825000000619
1.3668592999999873
0.9135813000000326
0.8989223999999467
1.057061800000156
1.054206400000112
0.8625535999999556
1.3648611999999503
1.0961315999998078
1.7247202999999445
1.1924074999999448
1.3088884000001144
0.9505689000000075
1.2102555999999822
0.8499828999999863
0.9360897000001387
0.8901762000000417
1.107027799999969
1.29314619999991
1.1927256000001307
1.1021448999999848
1.530153299999938
1.2833736000000044
1.039326600000095
1.1956750000001648
1.2009123999998792
1.383412700000008
2.1756000000000313
1.2030173999999079
1.599883299999874
1.4203890999999658
1.2300609999999779
0.967975000000024
0.6583150000001297
1.1614712000000509
0.9780929999999444
1.3477307999999084
0.8435899000000973
0.9072323000000324
1.4309895000001234
1.2799461000001884
0.9822720999998182
1.7388888000000406
1.0675872000001618
1.0230291000000307
1.5293657999998231
1.0920725999999377
0.9114164000000073
1.2871741000001293
1.3368318000000272
1.2206861000001936
0.911993799999891
1.3578018000000611
1.0113309000000754
1.1217111000000841
0.9492685999998685
1.4360344000001533
1.2110729999999421
1.0838300000000345
1.0527684999999565
1.8483780999999908
0.9623593999999684
1.253076700000065
1.4861505999999736
1.0502721000000292
0.9264510000000428
1.4548374000000877
1.0342889999999443
0.9399192999999286
0.9248626999999487
0.8888038000000051
1.1756187000000864
1.0892377000000124
1.0672815000000355
1.7851879999998346
0.9897418000000471
1.072629900000038
1.3523847999999816
0.9800063000000137
0.9354784999998174
0.950581800000009
1.0350677999999789
0.9413139000000683
0.935302800000045
1.077963899999986
0.9739280000001145
1.2772132999998576
1.2900967000000492
1.064373299999943
0.9794574000000011
1.0619082999999137
1.1529422000000977
2.5096734999999626
1.334701799999948
0.9732744000000366
0.7748822999999447
1.1811860000000252
1.0756753999999091
1.5640133000001697
1.3237656999999672
0.9610741999999846
0.9669411999998374
0.9306142000000364
0.9650280000000748
1.0889067999999043
0.9546548999999231
1.430526699999973
1.2797535000001972
0.9341429000000971
1.31070550000004
1.456916000000092
1.200607600000012
0.7347568000000138
1.3390074999999797
1.1430533999998715
1.1615323999999418
1.1195529000001443
1.4001495999998497
0.9891187999999147
1.528136399999994
0.9123004999999011
1.1336756999999125
1.3868291999999656
1.0241480999998203
0.9798478000000159
0.8375978999999916
1.372930199999928
0.9214163999999982
1.1967784000000847
0.7742737000000943
0.8753798000000188
1.0864732000000004
0.9344306000000415
1.0682988000000933
1.3144270000000233
0.8373192999999901
0.986167599999817
1.1412427999998727
0.9548015999998825
1.6796497000000272
1.0310542999998233
1.0837304000001495
0.932008900000028
1.1782969999999295
0.8263863999998193
0.8863667000000532
1.0189284000000498
1.2665572999999313
1.0427052999998523
1.7153246000000308
0.9584389999999985
0.886535800000047
1.2416383999998288
1.1035259999998743
0.9893191999999544
0.8903038000000834
1.2247270000000299
0.9534771000001001
1.1068436000000474
1.2113056999999117
1.3478600999999344
1.0629034000000956
1.5471721999999772
1.0416468000000805
1.3220518999999058
1.0815671000000293
1.1210642999999436
1.3673615999998674
1.393276799999967
0.9182839000000058
1.0450129999999263
0.7639796000000842
0.9220447000000149
1.2396683999998004
1.461130599999933
1.0531490000000758
1.4839701999999306
1.221842899999956
1.1119114999999056
1.0006184000001213
1.0366861999998491
0.9977638999998817
0.9932028000000628
1.0096258000000944
1.0323181000001114
1.124056200000041
0.9223309999999856
1.0225797000000512
1.1197019999999611
1.1530275000000074
0.9106290999998237
0.9468116999998983
1.3778207000000293
1.1713012000000163
1.0816129999998338
0.9629400999999689
1.1289713999999549
1.093201800000088
1.0441200000000208
0.9019448999999895
1.063574000000017
0.9473706999999649
1.1807828000000882
1.2931350999999722
0.9419906999999057
1.252271300000075
1.3799216000002161
1.1393536000000495
0.9125285000000076
1.056398500000114
1.5183873999999378
0.9217378000000735
0.9216903999999886
1.0453746999999112
1.0772233000000142
1.1921386999999868
1.2336422000000766
1.3649687000001904
0.8883876999998392
1.131276200000002
0.9499819000000116
0.9167861000000812
1.0443654000000606
1.3773126000000957
1.3028544999999667
1.241945099999839
0.8045595000000958
0.9881012000000737
0.9368704999999409
1.1644984999998087
1.0916027000000668
0.8923971000001529
1.1354676999999356
0.9795093000000179
1.3127108000001044
1.3513506999997844
0.8832410999998501
0.968584200000123
0.9210934000000179
1.4518596999998863
0.9077180999997836
0.9332580999998754
1.1340485000000626
1.3328682000001209
0.9443600999998125
1.0034983000000466
1.0720109000003504
1.2649344999999812
1.1874775999999656
1.3181565999998384
0.8723725000004379
0.9618095000000721
0.948042500000156
1.6541031000001567
1.246324999999615
0.8481747999999243
0.9963655999999901
0.992123200000151
0.9742870999998559
0.8903617999999369
0.9896671999999853
1.1841176000002633
0.8784565999999359
1.0963474000000133
0.901434199999585
0.8701074999999037
0.9113225999999486
1.2009023000000525
0.945207499999924
0.9536279999997532
0.9261810000002697
1.3764107000001786
0.9937047000003076
1.0939392999998745
1.007010000000264
0.8783481000000393
1.13095149999981
0.8223821999999927
1.2327813000001697
1.201817900000151
1.0534026000000267
1.0014797000003455
0.9345579999999245
0.8281235999997989
1.5760118999996848
1.0600048999999672
0.8917631000003894
1.0118528000002698
1.0430415000000721
0.992658499999834
0.9111591000000772
1.0183103999997911
0.8893774999996822
0.9772324999999
0.9124700999996094
1.1044888000001265
0.9970394999995733
0.9813830000002781
0.9116865999999391
0.9008158000001458
0.9310457000001406
1.005149099999926
0.9907205999998041
1.3338508000001639
0.8838056999998116
1.4287586999998894
1.1812865000001693
1.13429589999987
0.9620315000001938
0.9682917000000089
1.0231502999999975
0.8786743999999089
1.0777470000002722
1.0346073000000615
1.1527906999999686
0.9206679000003533
1.2812189999999646
1.318923199999972
1.4537928999998257
0.8955152000003181
1.046997399999782
0.9527385000001232
0.9290184999999838
0.9393651000000318
0.8996412000001328
0.7041717000001881
0.6894815000000563
0.9286592999997083
1.445049299999937
1.1811843000000408
1.1643386999999166
1.0827869999998256
0.8055289999997512
1.1732500000002801
0.7962474999999358
0.9416950999998335
0.9943829999997433
