0.9661443999999999
0.39399430000000013
1.0539576000000004
0.3771323999999998
1.0650829999999996
1.2317006
0.42919989999999864
2.0060442000000016
0.5272280999999985
1.0547812999999984
1.6970293000000005
0.40599390000000213
0.464463600000002
0.4606603000000007
0.4042691000000005
0.6014717000000012
0.6357710000000019
1.3374762000000047
0.6335781000000011
0.7697501000000031
0.3722282000000021
0.710093999999998
0.8971832000000006
0.42308099999999627
0.687044499999999
1.1478469999999987
1.2632183999999995
0.8836164000000011
0.8260375999999994
0.5819212000000036
0.9451447000000002
0.6937855999999982
0.6419327000000052
0.35056610000000177
1.703279700000003
0.4121573999999981
1.5738152000000127
0.4051596999999987
0.6666680000000014
0.6263012000000003
0.3734357000000017
1.2905621999999966
0.7822555000000051
0.3970398000000017
0.7448015000000083
1.1575076000000024
0.4368618999999967
0.30203569999999047
0.9737075999999973
0.36508399999999597
1.0156554
1.6406901999999945
0.618643199999994
1.2071748000000042
0.38826570000000515
0.7928734000000048
0.9920512000000059
1.6122462000000013
0.2502084000000053
0.7064571999999885
0.6380003000000016
0.6702761999999893
0.751160200000001
0.7723313999999988
0.576257499999997
0.4158647000000002
0.425129400000003
0.9351146000000057
0.6563835999999981
0.5456595999999934
0.6331220000000144
0.7749694999999974
1.2570440000000076
1.4308901999999932
0.5504182999999898
1.4538877999999897
0.2801532000000009
0.5425082000000145
0.6369634000000133
2.243139900000017
0.40001709999998525
1.2128088999999989
0.883262099999996
0.9965256999999781
1.2970392000000004
0.704810899999984
0.33630999999999744
0.3877334000000019
0.41965070000000537
1.0344407999999987
0.7182999000000052
2.499344000000008
0.5892693999999778
0.7302636000000007
0.33964889999998604
0.98979700000001
0.44440420000000813
0.18854179999999587
0.9466828000000191
0.7146338000000014
0.7188858000000096
0.39058149999999614
1.1520617000000186
0.8054698999999914
0.6264042999999901
0.7409213999999906
0.26521900000000187
0.5623566000000153
1.272092299999997
1.0808715999999947
0.8512445000000071
1.2130445999999893
0.5503077999999846
0.5469552000000135
0.6387426000000005
0.7690699000000052
2.2993314
0.9510769000000039
0.7541163999999867
0.7552493000000027
0.40808139999998616
0.6800530999999808
0.7943910999999844
1.0709080000000029
1.0193697999999927
0.35643460000000005
0.6012097999999924
0.35572049999998967
0.8693871000000115
0.613599999999991
0.28062420000000543
0.5432103999999924
0.6617391000000055
0.6610107999999855
0.6395557999999824
0.6503913999999895
0.6366098999999963
0.6726224000000229
0.5045520999999553
0.564368600000023
0.9870827000000304
0.6433213000000251
0.8312156999999729
1.0210217000000057
1.100791299999969
0.9708394999999541
0.319642999999985
0.24998279999999795
0.4256139000000303
0.7118935999999962
3.0035169000000224
0.7858368999999925
1.451212499999997
0.4582300999999802
0.2624149000000102
0.38850980000000845
0.3745107999999959
3.532690300000013
0.8055462000000375
1.490898800000025
1.3300577000000544
0.36816310000000385
0.6609856000000036
0.6990498000000116
0.601821100000052
0.36768520000003946
1.2548380000000066
0.9859557000000336
0.5812256000000389
0.2748727999999687
1.2095994999999675
0.7445352999999955
0.5773997000000008
1.0089095000000157
0.6748460000000023
0.974458200000015
0.7535037000000102
0.5994241999999872
0.9518369000000462
0.7284817999999973
0.6329258999999752
0.8348247000000129
0.5129400999999802
1.051041400000031
0.7091601000000196
0.9429100000000403
0.9105968999999732
1.1569127000000208
0.6771691000000146
1.212998299999981
1.546276799999987
0.43600709999998344
0.6612781000000041
1.0465924999999743
0.3467845000000125
0.37087009999999054
0.4405027999999902
0.38390479999998206
0.377584899999988
0.7729545999999914
0.500398999999959
0.47864599999996926
0.898548500000004
0.930386800000008
0.7846230000000105
0.32386530000002267
0.4480147999999531
0.4765848000000119
1.721258999999975
0.9802139000000238
1.3836248000000069
1.195182299999999
1.4934528
0.8154886999999462
0.38802200000003495
0.20705250000003161
2.6679404000000204
0.2628320999999687
0.9238518999999883
0.893248500000027
1.3999727000000348
1.9608680999999706
0.8484903000000372
1.6901711000000432
0.5925641000000041
1.1461275999999998
0.31356610000000273
1.544905799999981
0.3314771999999948
1.3729449999999588
0.2883397999999602
0.17513999999999896
0.8801339999999982
0.37349440000002687
0.7291762000000404
0.783548699999983
0.5925472000000127
1.0334047000000055
0.6650442999999768
0.33831450000002405
0.41153540000004796
0.7646091999999953
1.7751193999999941
0.8579323000000159
1.6679217000000222
0.7486504999999966
1.1431109999999762
0.2887723000000051
1.335715499999992
0.5800930999999991
0.35345119999999497
1.897109700000044
0.5713744999999903
0.6968656000000237
0.7027899000000275
0.5200247000000218
1.1110042000000249
0.5881756999999652
0.6327627000000007
0.8872368000000392
1.7562631000000124
0.45377149999995936
1.2865139999999542
0.9962991000000443
0.4251019000000156
0.62134599999996
0.7711065000000303
0.3769922000000179
0.3222574999999779
0.9931045000000722
1.605990399999996
0.22411969999996018
0.5407861999999568
2.917173899999966
0.9080591000000595
0.6697742000000062
0.6258715999999822
0.38978640000004816
0.8796204999999873
0.6809640999999829
0.6032926999999972
0.7013038999999708
1.9692202999999608
0.6693066999999928
0.7871968000000606
0.6229594000000134
0.6549316999999064
1.2885824999999613
0.3324053000000049
0.7979377999999997
0.7508464000000004
2.1003024000000323
0.4312075000000277
0.4520615999999791
0.4663650999999618
0.6119594999998981
0.38136099999996986
0.8264167999999472
0.7442302999999129
0.7830044999999473
1.2456538000000137
0.27913300000000163
0.49753850000001876
0.5486281999999392
0.38360230000000684
0.6777487000000519
0.744058700000096
0.6665243999999575
0.6265736000000288
1.3035487999999305
0.3860601000000088
0.8520372000000407
0.9781886000000668
1.1323499000000083
0.6287967000000663
0.9989844000000403
1.3210640000000922
0.4642520999999533
0.7736499999999751
1.0860658999999941
0.8030316999999059
1.6988338999999542
2.303683200000023
0.27459429999998974
0.801055500000075
0.8843996000000516
0.5508334999999533
0.8428345999999465
2.379849400000012
2.340030200000001
0.7340123999999832
1.873078200000009
0.6872270000000071
0.7405115999999907
0.5664789999999584
0.9827072000000499
0.5223789000000352
1.16100849999998
1.8268537000000151
0.9712260999999671
1.4847406000000092
1.2403313999999455
0.8128616999999849
0.8848009000000729
0.6120783000000074
0.5274723999999651
1.1865029000000504
0.4274181000000681
0.27378509999994094
0.2987590000000182
0.8709337000000232
0.40539990000002035
0.42807410000000345
0.9511762999999291
0.561409000000026
0.7050279000000046
0.8445423000000574
1.1595100000000684
0.3785590999999613
1.5668724000000793
0.7971750000000384
1.5373837999999296
2.0500337000000854
1.1780407999999625
0.6484907999999905
1.6008424000000332
0.4741705000000138
1.0301742999999988
0.42363509999995586
1.0036327000000256
0.8624505000000227
0.2891256999999996
0.44172660000003816
1.114394700000048
0.9284571000000597
0.7865285000000313
0.5368954999999005
0.5555302000000211
0.37287610000009863
0.6213074999999435
1.8045782000000372
1.1349377000000231
0.4318360999999413
0.8982143000000633
0.523313499999972
0.38356240000007347
1.8808509000000413
1.1034140000000434
0.40046769999992193
1.067471400000045
0.6099557999999661
13.225080999999932
1.2603421000000026
1.3218367000000626
2.495339999999942
0.46310249999999087
2.843904699999939
1.6696272000000363
1.018959099999961
1.0632966000000579
0.46489629999996396
1.3477215999999999
1.1882391999999982
0.814645100000007
0.9967420000000402
0.6916627000000517
0.9295902000000069
0.8987400000000889
0.7585919000000558
1.181697100000065
1.22046899999998
0.4419528999999329
0.41044780000004266
0.8278677000000698
1.195546600000057
0.963309400000071
0.6182443000000148
0.6588966000000482
1.3042659999999842
0.4237000000000535
1.0433335999999827
0.5590885999999955
1.0809391000000232
0.5567062999999735
0.2668039000000135
0.8481679999999869
0.42981959999997343
1.1301078000000189
2.451823900000022
0.41407520000007025
0.987331499999982
0.6876948999999968
0.899856800000066
1.584786699999995
1.9654434999999921
0.6570239000000129
0.4232530000000452
0.7854731999999558
1.9568361000000323
0.6980697999999848
2.323924799999986
1.7749348999999484
1.1669105999999374
0.3505927999999585
0.8216942000000245
0.3978320999999596
0.5151381000000583
0.7305763000000525
0.6286141000000498
2.74660520000009
1.437472400000047
1.1052514000000428
0.7997100000000046
0.657862600000044
1.1065426000000116
0.6704601000000139
0.8058144999999968
1.044861400000059
1.0231317999999874
1.0023856999999907
0.80549910000002
0.5048547000000099
0.3691064000000779
0.3182520000000295
0.973291599999925
0.8410698999999795
1.2247162999999546
1.1928821000000198
1.1376249999999573
1.446171599999957
1.177756899999963
0.7204056000000492
0.6618188999999575
0.8025860000000193
1.1173304000000144
0.29391099999998005
0.38014780000003157
1.8698278999999047
0.6801755000000185
0.5036804000000075
0.944678700000054
0.4458675000000767
0.9626646999998911
1.0165200999999797
2.145055300000081
1.8460344999999734
0.8319504999999481
0.9441226999999799
0.3688702999999123
0.44575719999988905
0.38858909999999014
0.6422090999999455
0.9250856000001022
0.5239698999998836
1.2253724000001966
0.6575927999999749
1.0829919999998765
0.4444790000000012
0.6635461999999279
0.9812182000000575
2.1203325999999834
1.0554747999999563
0.5672267999998439
1.4974811000001864
1.394538300000022
1.823801900000035
0.7584194000000934
0.4051545999998325
0.4241167000000132
1.102473800000098
0.7563427000000047
1.0106737000000976
0.4367717999998604
1.3119157999999516
0.9317469000000074
2.3875675000001593
1.1368408999999247
0.3881261999999879
0.2845053999999436
1.2096045000000686
0.9771173999999974
1.2695861999998215
0.6203852999999526
0.2695327000001271
1.1949897000001783
0.8197227000000566
1.1198189000001548
0.5480351000001065
0.6629533000000265
1.3609612000000197
0.8340619000000515
0.7024544000000787
0.6595244000000093
0.44017540000004374
0.25721150000003945
0.7643064999999751
0.5771841999999197
0.9705220999999256
2.589278400000012
0.8839438999998492
0.6679067000000032
0.8477325999999721
0.279319600000008
0.5924715000001015
0.840404000000035
1.7543476999999257
0.7979224000000613
0.6445836000000327
0.9251275999999962
0.5023893999998563
1.1152770999999575
2.0095536999999695
0.5164810000001125
0.6278076999999485
0.8163194000001113
0.8076117000000522
0.39665149999996174
1.184794600000032
1.7045827000001736
1.2631059000000278
1.3012006999999812
1.7114773000000696
0.9040082000001348
0.5450115000001006
0.8380738999999267
1.6402104999999665
0.6669571999998425
1.4070999999999003
0.881953600000088
1.5222003999999743
0.385861900000009
0.6036654000001818
1.4376781000000847
0.6093904999997903
0.40186830000016016
0.48965049999992516
1.4266967000000932
1.4736450000000332
0.842066000000159
0.4694827999999234
0.6885987999999088
0.4408431000001656
1.1087674999998853
0.9724535999998807
1.556106199999931
0.35457819999987805
0.8203929999999673
0.7606677000001127
1.2105149000001347
1.2368346000000656
0.6194287999999233
1.12115330000006
0.7893696000001
1.0597273999999288
5.292217400000027
1.3154329000001326
0.4295611000000008
0.6237722000000758
0.8538271999998415
0.4179086000001462
0.7279515999998694
0.8330284999999549
0.525924299999815
0.4238565999999082
1.1039569999998093
1.982419499999878
0.6510339999999815
0.48845689999984643
0.7233055000001514
0.8831159000001207
1.0640339000001404
0.6641497000000527
1.0241502999999739
0.931862300000148
1.6219816000000264
0.9814983000001121
1.191640600000028
3.876861799999915
1.2432780999999977
0.6673163000000386
0.7905226999998831
0.46241620000000694
1.5026021000001037
0.580912699999999
0.5901515000000472
0.36005260000001726
0.6310399999999845
0.8526924000000236
1.5706199999999626
0.40263180000010834
0.5648851000000832
5.957089199999928
1.0504224999999678
0.3576266999998552
0.42769939999993767
0.34411870000008093
1.736405399999967
0.8026374000000942
0.7741949999999633
1.130243500000006
0.6261054999999942
0.8019494000000122
0.6721900999998525
0.6135879000000841
0.7807513999998719
0.8595062999997936
0.5332323999998607
1.3009844999999132
0.6974804000001313
0.4664998000000651
0.6769521999999597
1.714894299999969
0.2098579000000882
1.6411315000000286
1.5411913000000368
1.0422444999999243
0.37714340000002267
1.2848971000000802
0.7217897000000448
0.7134334999998373
0.3779617000000144
0.7879983000000266
0.6680013000000145
0.5581549000000905
0.5098614000000907
0.6047313999999915
0.41324840000015683
0.6824149999999918
0.9063814999999522
0.735074799999893
0.5701157999999396
0.40536390000011124
0.4804624999999305
0.3830224000000726
0.44251610000014807
0.7055021000001034
1.0166578999999274
0.6848360999999841
0.5559063000000606
0.30194170000004306
0.36744999999996253
0.3739646999999877
0.7617458999998235
0.3817340000000513
0.794021500000099
0.5645805999999993
1.0030284000001757
1.1809062999998332
0.5564750999999433
0.40233390000003055
0.7406194000000141
0.6215760999998565
1.0437850999999227
0.7753413999998884
0.3839488999999503
0.619592399999874
0.4279362999998284
1.1267498999998224
0.6710208999998031
1.0774215999999797
0.38945120000016686
0.5465524999999616
2.0239250000001903
0.45805959999984225
0.598097800000005
1.0811429999998836
0.7747287999998207
0.5290094999998018
1.3340852999999697
0.5678382999999485
0.918876199999886
0.874223099999881
0.7522627000000739
0.5997752999999193
0.7896722000000409
1.1641709999998966
1.0652844999999616
0.7332472999999027
0.7429036999999425
0.3093539999999848
0.8957114999998339
0.2416553999998996
0.4839322999998785
0.6860103999999865
0.43265870000004725
0.48722780000002786
1.2712346999999227
0.8745727000000443
0.9609820999999101
0.6261383999999452
0.9633870000000115
0.4778693000000658
0.749779799999942
0.44976950000000215
0.3740600999999515
1.3139863999999761
0.6385477000001174
1.0168426000000181
0.3942113000000518
0.3679130999998961
0.5821346999998696
0.8661102000000938
0.45652460000019346
0.8634328000000551
1.1961807999998655
0.6044458000001214
0.43994740000016463
0.3956900000000587
0.4632751999999982
0.789144700000179
0.3895910000001095
0.5836582000001727
0.5299228999999741
0.7653938000000835
1.548768199999813
0.4160823999998229
0.27969900000016423
1.5049108999999135
0.4415549000000283
0.5214072999999644
0.50272259999997
0.6944884999998067
0.5347510000001421
0.39997010000001865
0.6332144000000426
0.5558849999999893
0.5821926000000985
0.5581629000000703
0.9614524999999503
0.9634960999999294
0.6100093000000015
0.6586084999999002
0.36295499999982894
0.5071889999999257
0.788649100000157
0.7140765999999985
0.2549219999998513
0.38146370000004026
0.7967507000000751
1.012996899999962
0.6592643999999837
0.6458084999999301
1.3356421000000864
0.3619346000000405
0.8202355000000807
0.3997807999999168
0.8928656999999021
0.9844368000001396
1.1160965999999917
2.1292545999999675
0.8343194999999923
0.417515000000094
1.6744089999999687
0.4077030000000832
0.32308710000006613
0.9433673999999428
0.5475648999999976
0.5944684000000962
1.0112738999998783
0.8122258000000784
0.2487149999999474
0.6072097999999642
0.49006039999994755
1.1862919000000147
0.6074469000000136
0.6334248000000571
0.8273658000000523
0.49276689999987866
0.8462317000000894
1.9288349999999355
0.39056189999996604
0.5395462999999836
0.8957239999999729
0.8806752999998935
0.3526378999999906
0.5654239000000416
0.8192305000000033
0.6804559000001973
0.5714368000001286
0.5519812000000002
0.3960170999998809
0.3816581999999471
1.004515500000025
0.48339000000009946
0.5628982000000633
0.5542656000000079
0.41403200000013385
1.1144951999999648
0.40328679999993255
0.7929346999999325
0.48233200000004217
0.3668185000001358
0.6164791999999579
0.6775901999999405
1.0433766999999534
0.6512018000000808
0.7302432000001318
0.5798955999998725
0.7232472999999118
0.317840699999806
0.8144514000000527
0.4136055999999826
0.4099420000000009
1.102892799999836
1.370332499999904
0.983296399999972
4.50921059999996
1.744370500000059
1.1047696999999062
3.8665915999999925
0.6488521999999648
0.7049051999999847
0.3943205000000489
0.8679703000000245
1.539955799999916
0.7949283000000378
0.6709313000001202
0.8998431999998502
0.7633079000001999
0.4291494999999941
0.7217176000001473
0.4046645000000808
0.5917311999999129
0.6103100000000268
0.49268849999998565
0.5324026000000686
0.7557044000000133
0.7725788000000193
0.5516546999999719
0.9155565000000934
0.6260302999999112
1.0327187999998841
0.7616791999998895
0.6107285000000502
1.0090809000000718
1.2470878999999968
0.38253980000013144
0.22077260000014576
0.9079143999999815
0.739328199999818
0.5799537000000328
1.3183888999999454
0.4374159999999847
0.6209404000001086
0.3984024999999747
0.5040023999999903
0.6054055000001881
0.641470100000106
0.49932699999999386
0.5791615999999067
0.5690718000000743
0.5386972999999671
0.5284860000001572
1.1130691000000752
0.4048592000001463
0.6332901999999194
0.9771564999998645
1.2781457999999475
0.9229534000000967
0.5516446999999971
0.5618492999999489
0.5763681999999335
0.8920267999999396
1.1389870000000428
0.9914526999998543
1.9324039999999059
1.1621965000001637
0.40020099999992453
1.073817599999984
0.46246210000003884
0.4036699000000681
0.4159867999999278
0.8697096999999303
0.7224053999998432
0.7109705999998823
0.8407491000000391
0.8265575000000354
1.0932738999999856
1.2356649000000743
1.2669591999999739
1.303282099999933
0.9706421999999293
0.36443770000005316
1.213938399999961
0.7891064999998889
0.7879760999999235
1.0180817000000388
0.4035857000001215
0.8588819999999942
1.5944831000001614
0.8524629999999433
0.7477776999999151
0.396463600000061
0.4558474999998907
0.8193163000000823
0.20446179999999003
0.40454030000000785
1.7318533000000116
0.3793800000000829
0.25664610000012544
0.37796529999991435
0.9589518999998745
0.5669219000001249
1.244344299999966
0.8881013000000166
0.5569416000000729
0.5122085999998944
0.9823537000002034
0.4561630000000605
0.8241351000001487
0.9642234000000371
0.8507919999999558
0.6190613000001122
1.811599200000046
1.1300112999999783
1.4072457999998278
0.5952790999999706
0.8809720000001562
0.7023125999999138
1.5301570999999967
0.6191117999999278
0.5496802000000116
0.9942122999998446
0.5983759999999165
0.6044056999999157
0.42819809999991776
0.41444079999996575
0.8204396000000997
0.5906586000000971
0.5732898999999634
1.2535823000000619
0.5242880999999215
0.5937486000000263
0.8940249999998287
0.5401667999999518
0.5861786000000393
0.8359195000000454
1.5014486999998553
0.897577100000035
0.23794870000006085
0.4937196999999287
0.903881199999887
1.195229100000006
2.1111151000000064
0.2890202999999474
0.5170101000001068
0.5153502999999091
0.8509116000000176
0.7588557999999921
0.8858099999999922
0.3279915999999048
0.9432120000001305
2.907961699999987
0.44500879999986864
0.3224308000003475
0.6408723999998074
0.8790337999998883
0.7675718000000415
1.8485160999998698
0.8300693000001047
0.6334145999999237
0.5857263000002604
0.5252276000001075
1.1218665000001238
0.7168455000000904
0.5236807999999655
0.6214658999997482
0.49687489999996615
1.5880090999999084
0.37118669999972553
0.3959498999997777
0.38546120000000883
0.7385763999996016
0.6612351999997372
1.1436502999999902
0.44857490000003963
0.4137700000001132
0.4739513999998053
0.8035930000000917
0.5869689999999537
1.035204799999974
0.34712720000015906
0.44575250000025335
0.9781279999997423
0.620327399999951
0.39028319999988526
0.8535867999999027
0.7741473999999471
0.9821766000000025
0.5134398000000147
0.5482652000000598
1.0512423999998646
0.9498521999998957
0.8284752999998091
0.33359840000002805
0.3538829999997688
0.819071299999905
1.6512165000003733
0.3563656000001174
0.9058721000001242
0.7829239000002417
0.8020627999999306
0.6445410000001175
0.3906203999999889
0.5857919000000038
0.3950970999999299
0.42569400000002133
0.8926455999999234
1.2458208999996714
0.43499259999998685
1.7119526000001315
0.4011913999997887
0.783024999999725
0.4050075999998626
0.626537599999665
0.4256956999997783
0.6639445000000705
0.7582005999997818
0.9491292000002431
1.6454507000003105
0.3612699000000248
0.46439520000012635
0.8055761999999049
0.8216300999997657
0.39345079999975496
2.1384620999997423
0.7399973999999929
0.8799015999998119
0.6536264000001211
1.0180875999999444
0.6105787999999848
0.5501122999999097
1.1028817000001254
0.35551329999998416
1.1946415000002162
0.43147449999969467
0.6096855000000687
0.44428590000006807
0.7777166999999281
0.6585607000001801
0.3937276000001475
3.896356299999752
0.808328099999926
1.014231699999982
1.1487108999999691
0.7934403999997812
0.8257544000002781
0.99707860000035
1.4148070000001098
0.6506549000000632
