1.0518226
1.0007092
1.0355588
0.8859338999999999
1.2665842999999999
1.8425272999999995
0.6828849999999997
2.537961000000001
0.6902917999999989
1.2946296999999998
2.1444878000000003
0.6001104999999995
0.9363825000000006
0.6485821000000023
0.5696277999999992
0.8692515000000007
0.8032692000000026
2.486850999999998
0.6135415000000002
1.0905658999999979
0.5732405999999983
1.129204999999999
1.6795364
0.7714484999999982
0.7900743000000006
1.4702389999999994
1.6234854999999975
1.203051300000002
0.9706457999999998
0.5417224999999988
0.8191190000000006
0.6124144999999999
0.7460647000000051
0.7391272999999998
1.6307662000000036
0.5416059000000004
1.0242818999999983
0.6553199000000021
0.8972355999999948
0.6066438000000005
0.9110056000000029
1.4244553999999994
2.763904199999999
0.7654157999999995
0.7599839000000017
1.1668930000000017
0.5069447000000054
0.6094740000000058
1.1463030999999972
0.7869274999999973
1.1154605000000046
0.7451130000000035
0.8082825000000042
1.6649419000000023
0.9155716999999939
0.9739785000000012
1.064590899999999
1.5366240999999974
0.7082139000000041
1.0201124000000021
0.8227778999999984
1.1446286000000043
0.6698149000000058
1.4331358999999964
1.206653799999998
1.079872800000004
0.7319236000000018
1.1299473999999918
0.9247255999999879
1.1225854999999996
0.5778413000000029
0.8058144000000027
1.8542825999999906
2.4936038000000025
0.9862151000000097
1.3120368000000013
0.599347999999992
1.26986500000001
1.0371590999999967
2.255846399999996
0.608725800000002
1.0271173000000005
0.9246562999999952
1.4883051999999992
1.2478584999999924
0.8534695999999968
0.4953171000000083
1.025557599999999
1.1177706999999941
1.2775318000000055
1.2154517999999968
2.4994913999999966
0.6893522999999959
0.9639197000000053
0.6595528999999942
0.8951706999999942
1.1237628999999885
0.7670626999999968
0.5832609999999931
2.6105261999999954
2.516788399999996
0.8349790999999982
1.2517931999999945
1.442301900000004
0.7922009999999915
1.418765399999998
0.5315592000000038
0.9842445000000026
2.260111600000002
2.167913899999988
1.4046553000000017
2.0541241999999897
0.6726258000000058
1.0602203999999915
2.4117187999999885
0.8607702999999844
3.817368799999997
2.4400118000000077
2.2093294999999955
0.8802087999999912
0.7383585000000039
0.9097302999999783
1.9431558999999936
1.6986751999999967
1.2634574000000214
0.5361549000000139
0.4638452000000086
0.6749520000000189
1.3032283000000007
0.8210374999999885
0.724135600000011
0.7636498000000245
1.0738676999999939
1.1274838999999872
1.2532831000000044
0.7649818999999809
0.8124176000000034
0.6730580999999916
0.7157944000000214
0.8819728999999938
0.7638569000000075
1.188293200000004
1.6045421000000033
1.3322086000000013
1.2750765000000115
1.7634089000000017
0.5950448000000108
0.6129931000000113
0.5904893000000015
1.0566090000000088
2.520375300000012
1.1762963000000184
1.495354600000013
0.7617158000000188
0.7111787000000049
0.5248633000000211
0.5302817999999831
0.9746180999999865
0.8150449000000037
2.35714329999999
2.4033919999999966
0.5719713999999954
0.910820799999982
1.1315585000000112
0.6788512999999909
0.6669422999999881
1.8029912000000081
1.555549099999979
0.9238464999999962
0.5446362000000136
1.9742392999999936
0.9109029999999905
0.7820150999999953
1.1353894000000082
1.2218791999999894
0.6613048000000106
0.8553738999999894
0.8261124999999936
1.0308410000000094
1.4485703999999942
0.7178848000000073
1.1970976000000064
0.5943061000000114
2.013204800000011
1.0594521999999813
0.6689123999999822
2.671160900000018
0.6467033000000129
1.0579093000000057
0.9613879000000054
0.765197900000004
0.5310692000000188
0.7786523999999986
2.4581407999999954
0.6218700999999953
0.6423805999999956
0.7289177999999765
0.9979465000000118
0.9495635000000107
0.7997890000000041
0.8155155000000036
0.5757057000000145
1.4500320000000215
1.2798644000000081
1.269698500000004
0.6713826000000154
0.6896608000000128
1.500780299999974
0.7358102000000031
2.234225600000002
1.927178199999986
1.2416640000000143
1.3732477000000074
0.9567677999999944
1.1154789999999934
0.5873828999999944
1.235421400000007
0.5364141000000018
1.8411812999999881
1.4371834000000092
1.6303054999999915
1.8135651999999993
1.5243162000000154
1.9278159000000414
0.9064897999999744
1.4305732999999918
0.7690086000000065
1.7190115999999875
0.6151583000000187
1.7367775999999822
0.8092199999999821
0.4536727000000269
1.5143509999999765
0.5615510999999742
0.577399899999989
1.9302843000000394
0.8088644999999701
1.044969299999991
0.835089900000014
0.6840945999999803
0.5839335999999662
1.1524173999999903
1.5152398000000176
1.5314019000000485
1.6204154999999787
1.2196771999999783
1.060193599999991
0.6820885000000203
1.2459724999999935
1.4812314999999785
0.7391068000000018
2.021682499999997
0.664743900000019
1.0275927999999794
1.4103281999999808
0.8611552000000415
3.3878536999999938
0.6018472000000088
0.7084022999999888
1.2315134999999486
1.8392471999999884
0.7872899000000189
1.0846333000000072
1.9587743999999816
1.0515873999999599
1.1050033000000212
1.1021213999999873
0.5429845000000455
0.6079902000000175
0.8595675999999912
2.782810099999949
0.4294234000000188
0.6298770000000218
1.2287873999999874
1.7842885000000024
0.910401400000012
0.8551565999999866
0.6849970999999755
0.911412700000028
2.019525000000044
0.9979367999999909
1.3484017000000108
3.290284100000008
1.924557400000026
0.7128845999999953
1.219762899999978
1.1659764000000337
1.3910685000000171
0.7133800000000292
0.9615167999999699
1.2631053999999722
1.9508003999999914
0.8384538000000248
0.9213930999999889
0.9428379999999947
0.9564694000000031
0.6104348000000073
0.8620566999999824
0.9456792999999948
0.7417631999999799
1.9636856000000193
0.6961933999999701
0.8689143999999942
0.5775429999999915
0.9028339999999844
0.9612703999999894
0.7686180000000036
1.0209500000000276
1.0490250999999944
2.6681215000000407
1.5804253000000017
0.8441970999999739
0.8658949000000007
1.0488018000000352
1.1644011999999861
0.6950876999999878
1.3539868000000297
1.216778799999986
0.738951199999974
1.371188399999994
1.1186392000000183
1.0373382999999876
1.936846800000012
0.6966321999999536
0.7160304000000224
1.1662370000000237
0.5923003000000335
1.841151200000013
1.9873905999999693
2.857771899999989
0.791112499999997
4.039691600000026
0.9449488000000201
1.156970900000033
0.6900636999999961
0.8614224000000377
1.083893000000046
1.3272230000000036
2.3360025000000064
1.1232909999999947
1.4204836000000114
1.8443861000000084
1.1424154000000044
1.7263328000000229
0.9108985000000303
1.2844669999999496
1.1990104999999858
0.5256281000000058
0.6893300000000409
0.7436840000000302
0.9239064000000212
0.7422855999999456
0.6056939000000057
1.6493882000000326
0.8261316999999622
0.850473500000021
0.7647105000000352
2.538482799999997
1.2896835999999894
0.6277680000000032
1.3727797999999893
0.8457584999999881
2.2737302000000454
0.9066953999999896
0.8697755000000029
1.669617599999981
1.9494268999999917
0.9544010999999841
0.6966739999999731
0.6633317999999804
1.1983850000000302
1.8843674999999962
0.5214467999999783
0.8181688999999892
0.8704060000000027
1.971322299999997
1.186865800000021
0.8885119999999915
0.5870365999999763
0.9564337999999566
0.9602550000000178
1.330908700000009
1.278316899999993
0.5775446000000102
1.2424311999999986
0.8460752000000298
0.5491326000000072
2.0670934999999986
0.9934743000000026
1.0662330999999767
0.5362221999999974
0.9660417999999709
1.1073442
2.0473685999999702
1.3311419999999998
0.7527084000000173
1.0018722000000366
0.6266395000000102
1.1046738999999661
1.5496119000000022
0.856544700000029
0.6874119000000292
1.512501000000043
1.4576232000000005
1.0170340999999894
0.7096070000000054
0.7450016999999889
1.5778115999999613
0.5921140999999466
1.037673600000005
1.5965673999999694
0.8807841999999937
0.9160800999999879
1.15660969999999
0.6086500000000115
1.5874587000000133
1.239664800000014
0.8129743999999732
0.9812860000000114
0.8567728999999531
0.659628199999986
1.4298861999999986
0.9134315000000015
1.3615656000000058
0.6191326000000004
0.7807465000000207
0.7817813999999998
1.0160582999999974
1.655382099999997
1.7251483000000007
0.6709844999999746
1.360163
1.1364814999999453
1.0716889000000265
1.028893099999948
0.9185328000000368
0.5664764999999647
0.7437469999999848
1.0234783999999877
1.5913979999999697
0.801130999999998
1.8880948999999987
1.8017892000000302
1.134340199999997
0.6194545999999832
0.8655272999999966
0.6303187999999409
0.7969925999999532
0.7664338999999245
0.8292235999999775
3.1204321000000164
1.9447865000000775
1.3053052000000207
0.8885347000000365
0.8898024000000078
0.6640058000000408
0.9969639999999345
1.2779069000000618
1.1736594000000196
1.1577800000000025
1.5056659000000536
1.2062511000000313
0.6074385000000575
0.5962812000000213
0.5817035000000033
0.6790356000000202
1.266683100000023
1.239005499999962
1.4717286000000058
0.8663669999999684
1.6592198000000735
1.116281699999945
0.7836213000000498
1.3111030999999684
1.6981821000000537
1.3180937999999287
0.5546954999999798
0.6162106000000449
1.502469900000051
1.0500024000000394
0.5960223000000724
1.2335583999999926
0.6338960999999017
1.0611900000000105
0.5056985999999597
0.7838580999999749
0.730137099999979
2.0477458999999953
0.7140041999999767
0.5903172000000723
0.7863941000000523
0.6664227999999639
0.7734418999999662
0.9531446999999389
0.5663594000000103
0.9229625000000397
0.731572099999994
1.3689634000000979
0.6388205000000653
0.8239882999999963
1.3255911999999626
1.5000286000000642
0.8331259000000273
0.5642215000000306
1.3958363000000418
2.0266328000000158
1.7627101000000494
0.987186799999904
0.5207363000000669
0.7083030000000008
1.0468799000000217
1.185859100000016
1.3345533000000387
0.5967235000000528
1.559278500000005
1.1436771999999564
2.2454106999999794
1.3698935999999549
0.6686215999999376
0.8774678000000904
0.6540357999999742
1.385613400000011
1.7186136999999917
1.1962149999999383
0.9372485000000097
1.7462428000000045
1.0298824000000195
2.18795369999998
0.6324501000000282
0.8594861999999921
1.2028497999999672
3.4895539000000326
1.0820720000000392
0.8817720000000691
1.5990787000000637
0.7297718999999461
0.6051236999999219
0.8491867000000184
1.066511500000047
3.6301458000000366
1.1293190000000095
0.8324861999999484
1.1840411000000586
1.0544547000000648
0.8061981999999261
1.4216365000000906
1.3533674999999903
1.159009699999956
0.6421024999999645
1.9728181000000404
0.8109668999999258
2.9874856999999793
3.1338964999999916
0.7276030000000446
0.8750413000000208
1.430847700000072
0.706293300000084
0.736790600000063
1.239310899999964
2.1737851999999975
0.9768356000000722
1.8293599000000995
1.2809500000000753
0.8732823999999937
0.6241966000000048
0.7778289000000314
1.3525462000000061
0.9016113000000132
1.8752529999999297
1.477473600000053
0.8454160000000002
0.5313059000000067
0.7196504999999433
0.9602603999999246
0.8824542999999494
0.621856800000046
1.1803092000000106
1.083020499999975
1.3693631999999525
1.148019999999974
0.5602590000000873
1.1845068000000083
0.7555544000000509
0.6657460000000128
1.014677699999993
1.1198210000000017
0.7334224999999606
0.9176934999999276
0.8961572999999134
1.608334500000069
1.3316666000000623
1.2108570999999984
1.3959122999999636
1.0644201000000066
1.2040353000001005
3.2457667999999558
2.1932921999999735
0.9126369000000523
0.8842650000000276
0.7281271000000515
0.6871522000000141
0.6772366999999804
0.879963699999962
0.6016687999999704
0.5765903999999864
1.6047540999999228
2.275905699999953
1.7144168999999465
1.0681316999999808
0.9690835000000106
1.5446935999999596
1.5774765999999545
0.9496127999999544
1.5968723000000864
1.3071439999999939
1.235294500000009
1.1411789999999655
1.5156091999999717
5.2328152000000046
3.039381399999911
1.4662304000000859
0.8370372000000543
0.9451562000000422
1.7333320000000185
1.3320241000000124
0.5248194000000694
0.7047773000000461
1.108921099999975
0.7733637999999701
2.4574794999999767
0.6233768999999256
1.0397280999999339
1.668895099999986
1.6944545999999718
0.5835752000000411
0.9240583999999217
0.6946937000000162
1.6990652999999156
1.2499831000000086
1.030881700000009
2.24558490000004
1.0282065000000102
0.9834911000000375
0.8065112999998973
1.100130799999988
2.082207500000095
1.433145100000047
0.7750530000000708
0.8853053999999929
1.208722400000056
1.2145104999999603
0.8672162999999955
2.181138400000009
0.796385999999984
2.8626210999999557
2.3134606999999505
1.2588167000000112
0.9769802000000709
1.3674482000000125
1.4229588000000604
2.423885499999983
1.7800611999999774
2.077917800000023
1.0044971999999461
1.5048677999999427
2.368236799999977
2.1823501999999735
1.4046905000000152
0.9308158999999705
0.731062300000076
1.2398930999999038
1.2463851999999633
0.8237927000000127
1.0121844999999894
0.9241121000000021
0.5741860000000543
1.0917731999999205
1.5106807999999319
1.03397480000001
1.7705604000000221
1.0132835999999088
0.8495276999999533
0.5863779999999679
1.1549495000000434
0.646239899999955
1.7859179999999242
1.0004314999999906
2.2738456000000724
1.3514013000000205
0.6431678999999804
0.6686106999999311
0.980528100000015
0.6680215000000089
1.7658131999999114
1.2532920999999533
0.6863131000000067
1.0843071000000464
0.7144532999999456
2.5964005000000725
1.0020307000000912
1.0128093000000717
0.6919556999999941
1.2251023000000032
1.7991478000000143
0.9788666000000603
0.69753639999999
1.8130778000000873
0.8354234999999335
0.7355017999999518
2.611767699999973
0.695501199999967
0.9470033000000058
1.1709350999999515
0.9900791000000027
1.0276922999998988
1.906570800000054
0.8141724999999269
2.3915627000000086
1.2601961000000301
1.0320669999999836
0.6426772999999457
1.2781525000000329
0.7062046000000919
1.3082895000000008
1.2439047999999957
0.6382039000000077
1.2830655000000206
2.346359600000028
1.5804681999999275
0.9680001000000402
0.9709483999999975
1.3903292999999621
0.895393399999989
2.6928411999999753
0.9894569000000502
1.7090215999999145
2.140349600000036
0.700423199999932
4.057387399999925
0.6327479999999923
0.6833476000000474
0.687255499999992
0.8132981999999629
0.5559238999999252
1.254962599999999
1.1096403999999893
0.9224990999999818
0.9242441000000099
0.6936545999999453
1.0924605999999812
0.8484045999999807
1.602204400000005
3.0922250999999505
1.1863283999999794
1.231813099999954
1.4157589000000144
0.6965228000000252
0.593455199999994
2.381256399999984
1.1345062000000325
0.9000227999999879
0.9946099000000004
1.7992301000000452
1.0928777999999966
1.1630623999999443
0.7305627000000641
0.5997838000000684
0.9057500999999775
0.8517799999999625
1.0997130999999172
1.2599820000000364
1.2879817000000457
1.380726099999947
0.6271938000001
0.9037015999999767
1.6756497999999738
2.275546599999984
0.5258440999999721
0.6461494999999786
1.0854916000000685
0.8740985000000592
1.0838988000000427
1.022465499999953
1.1304257000000462
1.0603322999999136
3.3709420000000136
0.6101033999999572
0.9648591000000124
1.3624055999999882
1.3659142999999858
2.1329680000000053
1.4547661999999946
0.5766109999999571
1.3008085000000165
0.7711745999999948
0.6558628999999883
2.6377612
0.83149549999996
1.2538209000000506
1.4144664000000375
0.9793770999999651
0.6111955999999736
1.0171929000000546
4.516333799999984
2.0025817000000643
1.0188705000000482
0.619992199999956
1.751210100000094
0.6440464999999449
1.4407936000000063
3.5514253000000053
1.1312749999999596
0.7642595999999457
0.7727102000000059
1.4188780000000634
1.0492950000000292
0.8235803999999689
1.344594499999971
1.2726616999999578
1.0495829999999842
0.8357376999999815
0.913913799999932
1.0290856000000304
1.8356959999999845
0.5980905999999777
0.8315614000000551
0.976983300000029
1.63799599999993
4.07662449999998
1.1651808999999957
2.6479613999999856
1.2911639999999807
0.8821106999999984
0.9120585000000574
0.7291596999999683
1.9697701999999708
1.5096220000000358
1.061298000000079
0.9670849999999973
1.3350763999999344
0.7190934000000198
1.4240400999999565
0.7289971999999807
0.7320289000000457
1.829981499999917
1.4663904999999886
0.6977530999999999
2.5387984999999844
3.427054300000009
2.2617051999999376
2.3435104999999794
0.7232655999999906
0.799884200000065
0.7723292000000583
1.1579353000000765
4.087907799999925
1.320319100000006
0.881072500000073
1.1928044000001137
2.0149699000000965
1.1549387999998544
0.9629030999999486
0.8333791999998539
0.9730122999999367
1.7972959999999603
0.9788965999998709
1.1143606000000545
0.9624794999999722
0.771201599999813
0.7806957999998758
1.3240409
1.1224398000001656
1.3900521999999
1.866136600000118
0.7059962999999243
1.7469438000000537
1.4418267999999443
1.181647699999985
0.5081844000001183
1.6453722000001108
1.4073524000000361
0.7675183000001198
1.1702428999999483
1.079882199999929
2.4979138999999577
1.3815697
0.8711226999998871
0.9711308999999346
0.8789495999999417
0.7199454999999944
1.0927420999998958
0.7443624999998519
1.106572500000084
1.3907602000001589
1.535617499999944
0.9668908000001011
0.928394199999957
1.5369754999999259
1.1006068000001505
2.1561361999999917
0.8524627000001601
0.6536694999999781
0.895229099999824
1.2808592999999746
1.940381699999989
1.7997854999998708
0.6377043999998477
1.2628747000001113
0.9757114000001366
2.4095325999999204
0.6397107000000233
0.6034422999998696
1.0351278000000548
2.5297760000000835
0.9004992000000129
1.2289619000000584
0.7877296999999999
1.161120100000062
1.1297523999999157
1.8267865000000256
1.7885902999998962
2.1256427999999232
1.206275499999947
0.775151199999982
1.1286215000000084
0.9529717000000346
1.3916870000000472
1.0217044999999416
0.9885209000001396
1.0530115000001388
1.5441728999999214
1.0583566000000246
1.0427643000000444
0.800380000000132
0.8016569999999774
1.1856371999999737
0.7853425000000698
0.5845272999999906
1.5036918000000696
0.9056646000001365
0.5533355000000029
1.0108419000000595
1.6827734999999393
0.76612410000007
1.0719191999999111
1.3135851999998067
0.7775748999999905
0.7676479000001564
2.1795971999999892
1.1402336000001014
1.4856116000000839
0.8586837999998806
1.2465007999999216
1.0257524000001013
2.108841400000074
2.1479587999999694
1.6227585000001454
2.3821510999998736
1.880459799999926
0.9864706000000751
4.425680600000078
1.0064501999997901
0.8369738000001234
1.069941100000051
0.7586675000000014
1.5767504000000372
1.1195717999999033
0.6866870999999719
1.5425066000000243
0.9690802999998596
0.9383560999999645
0.7733287000000928
1.3071529999999711
0.9654700999999477
3.1417377999998735
0.9993749999998727
0.668424300000197
1.7728056999999353
4.953790399999889
1.0399336000000403
0.548855900000035
0.7670890000001691
1.1027748999999858
1.5358852000001662
2.552693500000032
0.6841209000001527
0.7363895000000866
0.723560599999928
1.8804132999998728
0.9210338999998839
1.439383800000087
0.6009716999999455
0.8018916999999419
1.6018166000001202
0.9460476000001563
0.8946791000000758
1.1426680999998098
3.473465100000112
0.7818778999999267
2.782956099999865
1.4880846999999449
2.3662900000001628
1.2877348999998048
0.7208564000000024
2.4625690999998824
0.9862610000000132
0.8593925000000127
0.6862502999999833
0.8346191000000545
1.8011300000000574
0.8292691999999988
1.0632929000000786
0.9439554000000498
1.1598822000000837
0.5477423999998337
1.8446873999998843
1.0518637000000126
1.044904699999961
1.1835828999999194
1.3258382000001347
0.8818793000000369
1.534705600000052
0.8206941999999344
0.8945236000001842
1.6859807000000728
0.9459432000001016
0.6200334000000112
1.2067607999999836
1.465550099999973
1.0368316999999934
0.9826570000000174
0.8781506000000263
1.97749500000009
0.9817866000000777
0.8028988999999456
0.614433100000042
0.6393382000001111
0.6882717999999386
0.9250500000000557
0.997671900000114
1.054772800000137
1.2234931999998935
1.0025868000000173
0.9227465999999822
0.7163252999998804
1.3559626999999637
0.7401336000000356
0.7707562999999027
1.3000122000000829
1.6212356999999429
0.6929941999999301
2.654688599999872
0.9503997000001618
0.901884599999903
0.771349599999894
0.855460199999925
1.3194789000001492
1.29235830000016
1.0365205999999034
1.431021299999884
2.5973770999999033
0.5255312000001595
0.7216710999998668
0.9419026999999005
2.2412595000000692
0.8741849000000457
2.415490799999816
1.33221309999999
1.5097018999999818
1.360242800000151
0.972265200000038
0.7424047000001792
1.8319682000001194
1.2131028000001152
0.94600679999985
1.4463024000001496
1.0150272000000768
1.061068299999988
0.7941129999999248
1.3622313999999278
0.8093541000000641
0.6196908000001713
2.2258050999998886
1.4258535999999822
1.5654632000000674
1.0953758000000562
0.8625412000001234
1.5115768000000571
1.2678764999998293
1.3581249999999727
1.112518899999941
