2114
30783
41634
13614
17314
34532
30998
20553
24735
14190
26644
32619
41191
34917
15701
24537
25173
31106
9323
31099
28292
7440
35228
31728
35566
3183
30185
21088
2060
37198
12456
26903
10282
27406
31517
30609
24668
10283
30147
7131
16631
13985
8558
35573
17936
39407
13563
2505
4606
16341
24495
31107
24250
34080
28898
30741
32817
41153
37951
74
16753
19448
24905
3221
16009
13617
41804
31449
21666
42100
29776
34041
23529
3619
5268
6991
13207
29170
25992
2705
35954
2063
8200
5917
18839
25212
33471
18804
33459
9679
4407
2710
13986
36284
39438
15677
3142
25944
10727
10041
6760
27996
32357
15703
9269
21667
27558
22346
15501
39941
19449
20586
75
18747
19303
23060
18784
38468
19897
38859
33918
13410
5331
27951
30550
10858
24525
29767
7446
15667
40882
2502
14545
9443
27616
30430
39400
4359
7650
7888
13000
8205
2700
2072
38246
16193
9696
20435
10291
23673
17501
39824
29174
26535
575
33662
35575
7309
33689
6765
6981
13571
27993
33064
25174
6836
40713
34086
24040
32622
23049
23061
2852
18949
36487
9734
14154
70
8416
3543
8364
32813
5124
24917
2105
9736
24095
14803
28650
2850
30037
36446
629
28491
3757
25823
25837
10867
28334
25176
35365
11370
34872
41209
35588
40671
21516
18397
39403
11172
13765
10250
38245
2930
18181
10293
13942
10287
16190
13957
748
39600
10251
23328
30368
4617
31089
27827
26287
14553
15665
6028
27984
16595
10872
31102
38898
42113
7518
41368
20782
15739
25822
11563
7915
32153
5864
32621
20594
6404
10424
40213
22482
26182
38394
41131
11060
2639
35897
26141
16914
11909
33941
13449
41455
7557
16519
32322
15945
38155
40944
42014
38960
31944
4664
25931
13501
17015
27883
31763
29886
505
40367
20493
26784
40373
908
17565
35061
2942
27471
26008
38236
35048
41050
34381
40819
10747
33820
302
30520
29065
34752
9547
34791
23762
37071
13845
12583
26140
22326
24757
869
15575
11707
7768
3268
5619
34593
841
2604
16042
22481
37926
13648
38383
1333
39937
5633
26142
41873
27248
7795
27506
20269
5182
34787
5419
8673
26340
15952
12797
7597
25107
25932
15167
4129
20123
32241
32533
1938
30697
10584
2968
8504
1520
26786
25728
22721
39473
25933
42016
25099
301
38157
32308
30523
5430
22872
13463
17163
28393
12999
30286
2377
35498
22319
39739
16094
12580
28608
5632
8464
33599
2607
37927
5636
9742
4500
26184
34580
24793
4514
18095
23981
20522
14687
22453
40995
34782
17629
31188
38635
339
15176
13249
19770
6920
8919
12802
19957
39339
16655
24195
23611
23177
39113
16682
16697
5780
21013
19215
35927
10225
40374
32537
26556
4688
4663
15177
8850
1874
37507
476
27099
6672
10153
30283
1135
9569
12778
890
22320
660
27516
28625
23764
6470
7020
3520
38387
41120
28800
4517
24790
37707
28627
28155
28633
892
4729
12746
40799
33777
30530
22652
30242
11475
4649
31941
40606
12632
272
25049
40809
1916
13048
15439
32938
716
39138
34346
10582
34421
38233
16870
2007
6513
35924
23808
11110
15376
12828
1917
9344
29869
17777
8714
7341
17011
4884
21428
32440
31161
313
38151
31175
13459
10150
25699
9230
1122
17165
8674
40997
35887
23983
13840
17429
19362
34596
13667
26804
7023
8309
28824
14111
35861
22312
7953
42394
13859
14850
1891
11519
487
13332
2368
1107
15970
42196
6697
11280
21343
38174
25131
4123
12602
8719
4645
7358
6720
15179
3116
4679
7370
8043
13252
1073
29131
39336
19958
19964
16666
42223
35915
24818
8269
8241
13050
32075
26000
25253
28777
37643
24158
23179
39690
28206
12830
17784
27109
38997
19959
39445
30307
20699
9348
7417
9412
33815
4122
19030
37520
19193
19839
40025
9566
1890
11097
14845
19385
3513
1304
5176
35876
34598
692
28614
33552
2394
1689
23225
40635
6045
19032
4120
34188
7373
35282
7415
527
8083
36748
2747
9148
24199
11122
23609
20472
29330
21745
28761
6285
22270
15351
3470
18891
3458
19966
39320
19782
26214
20842
22648
38162
17817
35308
15972
36832
18517
25696
29084
9565
42157
2356
4727
644
35650
30728
22338
20513
32842
5175
3504
12238
14107
8479
3514
1465
4509
3500
40546
9005
4535
28822
32649
35640
24759
13863
39720
34210
1673
39287
2420
21351
6849
23397
8737
29876
23383
7438
4125
36981
29137
39697
21741
13081
15396
32715
34403
2970
12361
18880
2743
15354
7607
24374
4681
34615
17782
13296
23355
19963
4124
4656
3677
8871
26371
3918
10199
31157
37254
2353
18248
31802
16265
2435
1672
7217
7798
17392
28610
35899
42422
4534
28823
40209
26826
3515
1464
37083
42408
35858
21811
14114
25322
28606
39079
8481
19381
24772
13860
34788
14458
27904
327
40974
35333
29040
7598
8867
7375
10038
31960
10762
40800
35247
4873
26575
31009
33391
30698
9172
10206
42226
11859
35051
14909
34401
21018
20461
18698
2967
39118
35911
10213
11131
24834
40197
38038
21569
38986
30302
4866
25733
534
7406
6718
42019
20844
4669
8047
7374
11333
29055
15974
10830
16299
38170
497
40008
19380
38366
10367
1467
17434
3502
2647
39962
35180
7717
24714
95
29783
6151
382
16229
8626
36106
26315
17862
36674
21334
2531
18358
23480
9458
23319
39427
6780
20162
5289
35547
11383
35235
976
11618
9128
3363
11624
17255
6596
18833
28728
22577
32764
25542
32759
35022
6583
30600
1561
23873
7892
546
20639
39426
17730
5277
1777
24488
33692
18417
41562
39397
10705
39383
11590
340
26466
11235
16228
40708
9277
27546
23734
6391
15251
6408
37796
39963
16994
15245
24918
4553
39961
7700
22400
34276
33531
16799
32149
12070
11237
20773
26470
25179
10854
4157
2532
22789
30399
15657
39342
9498
7890
39815
24844
8547
39154
14788
14992
11632
32941
12449
32799
7891
36058
15859
39425
37408
15865
5260
31086
21295
26288
11342
42040
12930
25636
36662
29024
29756
33929
18945
83
30005
11975
169
7701
8432
16015
6423
42468
14148
24921
24909
9700
24048
26893
2696
2682
26677
32164
11232
12049
36841
25815
21332
23525
13380
4973
8807
22175
40096
18404
23486
31055
30439
14000
37140
25544
23647
2084
6590
22565
2090
22564
42284
22558
18808
25545
27352
17291
2907
7894
19531
12302
15479
11637
24840
13752
5073
25009
12841
13578
9477
18377
7300
37579
20777
23530
4966
29784
11569
3006
36840
3012
2683
24713
15280
27540
10307
9701
79
6418
3560
37792
23081
19309
8390
35152
34258
22374
32615
24711
41412
21480
13340
17898
16210
29792
4970
21443
4964
36665
25619
26310
22943
11345
6752
9475
33133
32239
31730
3414
17536
9105
7896
2722
18188
37618
741
14002
27392
11620
1570
1564
18176
11152
41765
40692
39423
34891
11387
40889
9460
40123
3617
39231
10853
4971
3987
14189
31453
22349
27557
33293
11740
42318
